UNITS MIL,1000;
EDIT proj;
ADD P1 :W0.000000  0.000,-21.617 113.058,-21.617 113.058,21.617 0.000,21.617;
ADD P1 :W0.000000  113.058,21.617 113.058,-36.757 156.291,-36.757 156.291,36.757 134.675,36.757 134.675,21.617;
ADD P1 :W0.000000  113.058,-36.757 113.058,-531.367 156.292,-531.367 156.292,-36.757;
ADD P1 :W0.000000  156.292,-604.881 156.292,-531.367 113.059,-531.367 113.059,-589.741 134.675,-589.741 134.675,-604.881;
ADD P1 :W0.000000  156.292,-604.881 616.182,-604.881 616.182,-531.367 156.292,-531.367;
ADD P1 :W0.000000  659.415,-589.741 659.415,-531.367 616.182,-531.367 616.182,-604.881 637.798,-604.881 637.798,-589.741;
ADD P1 :W0.000000  659.415,-589.741 772.473,-589.741 772.473,-546.507 659.415,-546.507;
ADD P1 :W0.000000  616.181,-36.757 616.181,-531.367 659.415,-531.367 659.415,-36.757;
ADD P1 :W0.000000  616.181,36.757 616.181,-36.757 659.414,-36.757 659.414,21.617 637.798,21.617 637.798,36.757;
ADD P1 :W0.000000  156.291,-36.757 616.181,-36.757 616.181,36.757 156.291,36.757;
ADD P1 :W0.000000  659.414,-21.617 772.472,-21.617 772.472,21.617 659.414,21.617;
ADD P1 :W0.000000  0.001,-589.741 113.059,-589.741 113.059,-546.507 0.001,-546.507;
SAVE;
