UNITS MM,1000;
EDIT proj;
ADD P1 :W0.000000  0.000,-0.771 2.500,-0.771 2.500,0.771 0.000,0.771;
ADD P1 :W0.000000  3.276,0.771 2.500,0.771 2.500,-0.772 3.276,-0.772;
ADD P1 :W0.000000  2.500,8.771 2.500,0.771 3.276,0.771 3.276,8.771;
ADD P1 :W0.000000  5.388,10.883 5.389,10.883 5.389,11.659 5.388,11.659 5.136,11.648 4.887,11.615 4.641,11.561 4.400,11.485 4.167,11.388 3.944,11.272 3.732,11.137 3.532,10.983 3.346,10.813 3.176,10.627 3.022,10.427 2.887,10.215 2.771,9.992 2.674,9.759 2.598,9.518 2.544,9.272 2.511,9.023 2.500,8.771 2.500,8.770 3.276,8.770 3.276,8.771 3.284,8.955 3.308,9.138 3.348,9.318 3.403,9.493 3.474,9.664 3.559,9.827 3.658,9.982 3.770,10.129 3.895,10.264 4.030,10.389 4.177,10.501 4.332,10.600 4.495,10.685 4.666,10.756 4.841,10.811 5.021,10.851 5.204,10.875;
ADD P1 :W0.000000  5.388,10.883 24.388,10.883 24.388,11.659 5.388,11.659;
ADD P1 :W0.000000  26.500,8.771 26.500,8.770 27.276,8.770 27.276,8.771 27.265,9.023 27.232,9.272 27.178,9.518 27.102,9.759 27.005,9.992 26.889,10.215 26.754,10.427 26.600,10.627 26.430,10.813 26.244,10.983 26.044,11.137 25.832,11.272 25.609,11.388 25.376,11.485 25.135,11.561 24.889,11.615 24.640,11.648 24.388,11.659 24.387,11.659 24.387,10.883 24.388,10.883 24.572,10.875 24.755,10.851 24.935,10.811 25.110,10.756 25.281,10.685 25.444,10.600 25.599,10.501 25.746,10.389 25.881,10.264 26.006,10.129 26.118,9.982 26.217,9.827 26.302,9.664 26.373,9.493 26.428,9.318 26.468,9.138 26.492,8.955;
ADD P1 :W0.000000  26.500,8.771 26.500,1.771 27.276,1.771 27.276,8.771;
ADD P1 :W0.000000  26.500,0.228 27.276,0.228 27.276,1.771 26.500,1.771;
ADD P1 :W0.000000  27.276,0.228 28.276,0.228 28.276,1.770 27.276,1.770;
ADD P1 :W0.000000  28.276,1.770 28.275,1.770 28.275,0.228 28.276,0.228 28.561,0.240 28.844,0.278 29.123,0.339 29.395,0.425 29.658,0.534 29.912,0.666 30.152,0.820 30.379,0.993 30.589,1.186 30.782,1.396 30.955,1.623 31.109,1.863 31.241,2.117 31.350,2.380 31.436,2.652 31.497,2.931 31.535,3.214 31.547,3.499 31.547,3.500 30.005,3.500 30.005,3.499 29.998,3.348 29.979,3.199 29.946,3.052 29.901,2.908 29.843,2.768 29.773,2.635 29.692,2.507 29.600,2.388 29.499,2.276 29.387,2.175 29.268,2.083 29.141,2.002 29.007,1.932 28.867,1.874 28.723,1.829 28.576,1.796 28.427,1.777;
ADD P1 :W0.000000  30.005,8.499 30.005,3.499 31.547,3.499 31.547,8.499;
ADD P1 :W0.000000  33.276,10.687 33.277,10.687 33.277,11.311 33.276,11.311 33.031,11.300 32.788,11.268 32.548,11.215 32.314,11.141 32.088,11.048 31.870,10.934 31.663,10.802 31.468,10.653 31.288,10.487 31.122,10.307 30.973,10.112 30.841,9.905 30.727,9.687 30.634,9.461 30.560,9.227 30.507,8.987 30.475,8.744 30.464,8.499 30.463,8.498 31.089,8.498 31.089,8.499 31.097,8.690 31.122,8.879 31.164,9.065 31.221,9.247 31.294,9.423 31.382,9.592 31.485,9.753 31.601,9.905 31.730,10.045 31.870,10.174 32.022,10.290 32.182,10.393 32.352,10.481 32.528,10.554 32.710,10.611 32.896,10.653 33.085,10.678 33.276,10.686;
ADD P1 :W0.000000  33.276,10.228 36.276,10.228 36.276,11.770 33.276,11.770;
ADD P1 :W0.000000  3.276,-8.772 3.276,-0.772 2.500,-0.772 2.500,-8.772;
ADD P1 :W0.000000  3.276,-8.772 3.276,-8.771 2.500,-8.771 2.500,-8.772 2.511,-9.024 2.544,-9.273 2.598,-9.519 2.674,-9.760 2.771,-9.993 2.887,-10.216 3.022,-10.428 3.176,-10.628 3.346,-10.814 3.532,-10.984 3.732,-11.138 3.944,-11.273 4.167,-11.389 4.400,-11.486 4.641,-11.562 4.887,-11.616 5.136,-11.649 5.388,-11.660 5.389,-11.660 5.389,-10.884 5.388,-10.884 5.204,-10.876 5.021,-10.852 4.841,-10.812 4.666,-10.757 4.495,-10.686 4.332,-10.601 4.177,-10.502 4.030,-10.390 3.895,-10.265 3.770,-10.130 3.658,-9.983 3.559,-9.828 3.474,-9.665 3.403,-9.494 3.348,-9.319 3.308,-9.139 3.284,-8.956;
ADD P1 :W0.000000  24.388,-10.884 5.388,-10.884 5.388,-11.660 24.388,-11.660;
ADD P1 :W0.000000  24.388,-10.884 24.387,-10.884 24.387,-11.660 24.388,-11.660 24.640,-11.649 24.889,-11.616 25.135,-11.562 25.376,-11.486 25.609,-11.389 25.832,-11.273 26.044,-11.138 26.244,-10.984 26.430,-10.814 26.600,-10.628 26.754,-10.428 26.889,-10.216 27.005,-9.993 27.102,-9.760 27.178,-9.519 27.232,-9.273 27.265,-9.024 27.276,-8.772 27.276,-8.771 26.500,-8.771 26.500,-8.772 26.492,-8.956 26.468,-9.139 26.428,-9.319 26.373,-9.494 26.302,-9.665 26.217,-9.828 26.118,-9.983 26.006,-10.130 25.881,-10.265 25.746,-10.390 25.599,-10.502 25.444,-10.601 25.281,-10.686 25.110,-10.757 24.935,-10.812 24.755,-10.852 24.572,-10.876;
ADD P1 :W0.000000  27.276,-8.772 27.276,-1.772 26.500,-1.772 26.500,-8.772;
ADD P1 :W0.000000  26.500,-1.772 27.276,-1.772 27.276,-0.229 26.500,-0.229;
ADD P1 :W0.000000  27.276,-1.772 28.276,-1.772 28.276,-0.230 27.276,-0.230;
ADD P1 :W0.000000  30.005,-3.501 30.005,-3.502 31.547,-3.502 31.547,-3.501 31.535,-3.216 31.497,-2.933 31.436,-2.654 31.350,-2.382 31.241,-2.119 31.109,-1.865 30.955,-1.625 30.782,-1.398 30.589,-1.188 30.379,-0.995 30.152,-0.822 29.912,-0.668 29.658,-0.536 29.395,-0.427 29.123,-0.341 28.844,-0.280 28.561,-0.242 28.276,-0.230 28.275,-0.230 28.275,-1.772 28.276,-1.772 28.427,-1.779 28.576,-1.798 28.723,-1.831 28.867,-1.876 29.007,-1.934 29.140,-2.004 29.268,-2.085 29.387,-2.177 29.499,-2.278 29.600,-2.390 29.692,-2.509 29.773,-2.636 29.843,-2.770 29.901,-2.910 29.946,-3.054 29.979,-3.201 29.998,-3.350;
ADD P1 :W0.000000  31.547,-8.501 31.547,-3.501 30.005,-3.501 30.005,-8.501;
ADD P1 :W0.000000  31.547,-8.501 31.547,-8.500 30.005,-8.500 30.005,-8.501 30.017,-8.786 30.055,-9.069 30.116,-9.348 30.202,-9.620 30.311,-9.883 30.443,-10.137 30.597,-10.377 30.770,-10.604 30.963,-10.814 31.173,-11.007 31.400,-11.180 31.640,-11.334 31.894,-11.466 32.157,-11.575 32.429,-11.661 32.708,-11.722 32.991,-11.760 33.276,-11.772 33.277,-11.772 33.277,-10.230 33.276,-10.230 33.125,-10.223 32.976,-10.204 32.829,-10.171 32.685,-10.126 32.545,-10.068 32.412,-9.998 32.284,-9.917 32.165,-9.825 32.053,-9.724 31.952,-9.612 31.860,-9.493 31.779,-9.366 31.709,-9.232 31.651,-9.092 31.606,-8.948 31.573,-8.801 31.554,-8.652;
ADD P1 :W0.000000  36.276,-10.230 33.276,-10.230 33.276,-11.772 36.276,-11.772;
SAVE;
